  0.000000000000000E+000   12.7859723760574     
  0.100000000000000        12.7859723760574     
  0.200000000000000        12.7859723760574     
  0.300000000000000        12.7859723760574     
  0.400000000000000        12.7859723760574     
  0.500000000000000        12.7859723760574     
  0.600000000000000        12.7859723760574     
  0.700000000000000        12.7859723760574     
  0.800000000000000        12.7859723760574     
  0.900000000000000        12.7859723760574     
   1.00000000000000        12.7859723760574     
   1.10000000000000        12.7859723760574     
   1.20000000000000        12.7859723760574     
   1.30000000000000        12.7859723760574     
   1.40000000000000        12.7859723760574     
   1.50000000000000        12.7859723760574     
   1.60000000000000        12.7859723760574     
   1.70000000000000        12.7859723760574     
   1.80000000000000        12.7859723760574     
   1.90000000000000        12.7859723760574     
   2.00000000000000        12.7859723760574     
   2.10000000000000        12.7859723760574     
   2.20000000000000        12.7859723760574     
   2.30000000000000        12.7859723760574     
   2.40000000000000        12.7859723760574     
   2.50000000000000        12.7859723760574     
   2.60000000000000        12.7859723760574     
   2.70000000000000        12.7859723760574     
   2.80000000000000        12.7859723760574     
   2.90000000000000        12.7859723760574     
   3.00000000000000        12.7859723760574     
   3.10000000000000        12.7859723760574     
   3.20000000000000        12.7859723760574     
   3.30000000000000        12.7859723760574     
   3.40000000000000        12.7859723760574     
   3.50000000000000        12.7859723760574     
   3.60000000000000        12.7859723760574     
   3.70000000000000        12.7859723760574     
   3.80000000000000        12.7859723760574     
   3.90000000000000        12.7859723760574     
   4.00000000000000        12.7859723760574     
   4.10000000000000        12.7859723760574     
   4.20000000000000        12.7859723760574     
   4.30000000000000        12.7859723760574     
   4.40000000000000        12.7859723760574     
   4.50000000000000        12.7859723760574     
   4.60000000000000        12.7859723760574     
   4.70000000000000        12.7859723760574     
   4.80000000000000        12.7859723760574     
   4.90000000000000        12.7859723760574     
   5.00000000000000        12.7859723760574     
   5.10000000000000        12.7853848048737     
   5.20000000000000        12.7812949194685     
   5.30000000000000        12.7703153516651     
   5.40000000000000        12.7492857545787     
   5.50000000000000        12.7153792028451     
   5.60000000000000        12.6662002452527     
   5.70000000000000        12.5998721309372     
   5.80000000000000        12.5151109817314     
   5.90000000000000        12.4112849867118     
   5.99999999999999        12.2884570435614     
   6.09999999999999        12.1474096571863     
   6.19999999999999        11.9896513203283     
   6.29999999999999        11.8174040343062     
   6.39999999999999        11.6335720706602     
   6.49999999999999        11.4416925163041     
   6.59999999999999        11.2458685757512     
   6.69999999999999        11.0506870142607     
   6.79999999999999        10.8611215059766     
   6.89999999999999        10.6824239926013     
   6.99999999999999        10.5200064530206     
   7.09999999999999        10.3793157257650     
   7.19999999999999        10.2657042086499     
   7.29999999999999        10.1842993790771     
   7.39999999999999        10.1398751314358     
   7.49999999999999        10.1367279134016     
   7.59999999999999        10.1785605608301     
   7.69999999999999        10.2683765829942     
   7.79999999999999        10.4083874392454     
   7.89999999999999        10.5999350793029     
   7.99999999999999        10.8434316981280     
   8.09999999999999        11.1383182897447     
   8.19999999999999        11.4830431804585     
   8.29999999999999        11.8750612896044     
   8.39999999999999        12.3108544147640     
   8.49999999999999        12.7859723783107     
   8.59999999999999        13.2950944133776     
   8.69999999999999        13.8321097200805     
   8.79999999999998        14.3902156970190     
   8.89999999999998        14.9620319582190     
   8.99999999999998        15.5397278905868     
   9.09999999999998        16.1151611995690     
   9.19999999999998        16.6800246379668     
   9.29999999999998        17.2259979204299     
   9.39999999999998        17.7449016984445     
   9.49999999999998        18.2288504105661     
   9.59999999999998        18.6704008316967     
   9.69999999999998        19.0626932232863     
   9.79999999999998        19.3995821318574     
   9.89999999999998        19.6757540931126     
   9.99999999999998        19.8868297685728     
   10.1000000000000        20.0294483653724     
   10.2000000000000        20.1013325604616     
   10.3000000000000        20.1013325599676     
   10.4000000000000        20.0294483638981     
   10.5000000000000        19.8868297661419     
   10.6000000000000        19.6757540897637     
   10.7000000000000        19.3995821276439     
   10.8000000000000        19.0626932182747     
   10.9000000000000        18.6704008259659     
   11.0000000000000        18.2288504042055     
   11.1000000000000        17.7449016915525     
   11.2000000000000        17.2259979131119     
   11.3000000000000        16.6800246303333     
   11.4000000000000        16.1151611917334     
   11.5000000000000        15.5397278826634     
   11.6000000000000        14.9620319503209     
   11.7000000000000        14.3902156892561     
   11.8000000000000        13.8321097125574     
   11.9000000000000        13.2950944061917     
   12.0000000000000        12.7859723715508     
   12.1000000000000        12.3108544085086     
   12.2000000000000        11.8750612839207     
   12.3000000000000        11.4830431754012     
   12.4000000000000        11.1383182853556     
   12.5000000000000        10.8434316944350     
   12.6000000000000        10.5999350763206     
   12.7000000000000        10.4083874369746     
   12.8000000000000        10.2683765814228     
   12.9000000000000        10.1785605599336     
   13.0000000000000        10.1367279131441     
   13.1000000000000        10.1398751317710     
   13.2000000000000        10.1842993799500     
   13.3000000000000        10.2657042099980     
   13.4000000000000        10.3793157275203     
   13.5000000000000        10.5200064551107     
   13.6000000000000        10.6824239949520     
   13.7000000000000        10.8611215085132     
   13.8000000000000        11.0506870169098     
   13.9000000000000        11.2458685784425     
   14.0000000000000        11.4416925189717     
   14.1000000000000        11.6335720732444     
   14.2000000000000        11.8174040367544     
   14.3000000000000        11.9896513225963     
   14.4000000000000        12.1474096592388     
   14.5000000000000        12.2884570453728     
   14.6000000000000        12.4112849882665     
   14.7000000000000        12.5151109830235     
   14.8000000000000        12.5998721319706     
   14.9000000000000        12.6662002460408     
   15.0000000000000        12.7153792034097     
   15.1000000000000        12.7492857549493     
   15.2000000000000        12.7703153518776     
   15.3000000000000        12.7812949195643     
   15.4000000000000        12.7853848048979     
   15.5000000000000        12.7859723760574     
   15.6000000000000        12.7859723760574     
   15.7000000000000        12.7859723760574     
   15.8000000000000        12.7859723760574     
   15.9000000000000        12.7859723760574     
   16.0000000000000        12.7859723760574     
   16.1000000000000        12.7859723760574     
   16.2000000000000        12.7859723760574     
   16.3000000000000        12.7859723760574     
   16.4000000000000        12.7859723760574     
   16.5000000000000        12.7859723760574     
   16.6000000000000        12.7859723760574     
   16.7000000000000        12.7859723760574     
   16.8000000000000        12.7859723760574     
   16.9000000000000        12.7859723760574     
   17.0000000000000        12.7859723760574     
   17.1000000000000        12.7859723760574     
   17.2000000000000        12.7859723760574     
   17.3000000000000        12.7859723760574     
   17.4000000000000        12.7859723760574     
   17.5000000000000        12.7859723760574     
   17.6000000000000        12.7859723760574     
   17.7000000000000        12.7859723760574     
   17.8000000000000        12.7859723760574     
   17.9000000000000        12.7859723760574     
   18.0000000000000        12.7859723760574     
   18.1000000000000        12.7859723760574     
   18.2000000000000        12.7859723760574     
   18.3000000000000        12.7859723760574     
   18.4000000000000        12.7859723760574     
   18.5000000000000        12.7859723760574     
   18.6000000000000        12.7859723760574     
   18.7000000000000        12.7859723760574     
   18.8000000000000        12.7859723760574     
   18.9000000000000        12.7859723760574     
   19.0000000000000        12.7859723760574     
   19.1000000000000        12.7859723760574     
   19.2000000000000        12.7859723760574     
   19.3000000000000        12.7859723760574     
   19.4000000000000        12.7859723760574     
   19.5000000000000        12.7859723760574     
   19.6000000000000        12.7859723760574     
   19.7000000000000        12.7859723760574     
   19.8000000000000        12.7859723760574     
   19.9000000000000        12.7859723760574     
